1.268 	1.092 	1.269 	1.284 
1.268 	1.120 	1.271 	1.253 
1.268 	1.120 	1.264 	1.279 
1.268 	1.130 	1.252 	1.253 
1.268 	1.146 	1.266 	1.264 
1.268 	1.115 	1.277 	1.295 
1.268 	1.168 	1.285 	1.276 
1.268 	1.157 	1.288 	1.267 
1.268 	1.144 	1.277 	1.259 
1.268 	1.163 	1.265 	1.258 
1.215 	1.068 	1.231 	1.242 
1.215 	1.077 	1.229 	1.211 
1.215 	1.069 	1.224 	1.232 
1.215 	1.078 	1.215 	1.216 
1.215 	1.088 	1.220 	1.214 
1.215 	1.061 	1.224 	1.223 
1.215 	1.114 	1.231 	1.228 
1.215 	1.116 	1.231 	1.214 
1.215 	1.104 	1.227 	1.217 
1.215 	1.116 	1.221 	1.219 
1.186 	1.054 	1.215 	1.212 
1.186 	1.063 	1.206 	1.193 
1.186 	1.054 	1.197 	1.203 
1.186 	1.063 	1.194 	1.197 
1.186 	1.080 	1.197 	1.197 
1.186 	1.047 	1.196 	1.206 
1.186 	1.091 	1.209 	1.203 
1.186 	1.097 	1.205 	1.194 
1.186 	1.087 	1.204 	1.195 
1.186 	1.105 	1.187 	1.196 
1.158 	1.040 	1.187 	1.181 
1.158 	1.052 	1.180 	1.171 
1.158 	1.037 	1.178 	1.179 
1.158 	1.054 	1.168 	1.171 
1.158 	1.057 	1.176 	1.166 
1.158 	1.029 	1.176 	1.180 
1.158 	1.073 	1.182 	1.176 
1.158 	1.080 	1.185 	1.174 
1.158 	1.078 	1.177 	1.168 
1.158 	1.086 	1.164 	1.176 
1.142 	1.027 	1.170 	1.157 
1.142 	1.036 	1.159 	1.153 
1.142 	1.021 	1.156 	1.162 
1.142 	1.038 	1.152 	1.155 
1.142 	1.041 	1.154 	1.152 
1.142 	1.014 	1.157 	1.160 
1.142 	1.058 	1.155 	1.161 
1.142 	1.062 	1.163 	1.158 
1.142 	1.064 	1.159 	1.146 
1.142 	1.066 	1.147 	1.149 
1.138 	1.020 	1.159 	1.149 
1.138 	1.024 	1.151 	1.145 
1.138 	1.013 	1.146 	1.149 
1.138 	1.027 	1.141 	1.140 
1.138 	1.030 	1.146 	1.138 
1.138 	1.008 	1.146 	1.149 
1.138 	1.050 	1.146 	1.146 
1.138 	1.051 	1.153 	1.146 
1.138 	1.049 	1.149 	1.138 
1.138 	1.055 	1.140 	1.139 
1.131 	1.010 	1.145 	1.136 
1.131 	1.015 	1.144 	1.136 
1.131 	1.011 	1.140 	1.139 
1.131 	1.020 	1.131 	1.133 
1.131 	1.025 	1.136 	1.128 
1.131 	1.002 	1.137 	1.139 
1.131 	1.040 	1.138 	1.136 
1.131 	1.045 	1.144 	1.134 
1.131 	1.040 	1.136 	1.131 
1.131 	1.052 	1.132 	1.127 
1.123 	1.008 	1.134 	1.127 
1.123 	1.010 	1.134 	1.127 
1.123 	1.006 	1.130 	1.131 
1.123 	1.012 	1.121 	1.122 
1.123 	1.019 	1.123 	1.121 
1.123 	0.994 	1.128 	1.128 
1.123 	1.031 	1.133 	1.128 
1.123 	1.038 	1.130 	1.123 
1.123 	1.032 	1.127 	1.120 
1.123 	1.046 	1.122 	1.117 
1.114 	1.004 	1.124 	1.119 
1.114 	1.008 	1.121 	1.118 
1.114 	1.001 	1.123 	1.123 
1.114 	1.010 	1.112 	1.115 
1.114 	1.020 	1.114 	1.115 
1.114 	0.990 	1.121 	1.122 
1.114 	1.028 	1.120 	1.120 
1.114 	1.032 	1.121 	1.115 
1.114 	1.028 	1.116 	1.113 
1.114 	1.038 	1.111 	1.109 
1.106 	1.003 	1.113 	1.114 
1.106 	1.007 	1.114 	1.112 
1.106 	0.999 	1.115 	1.118 
1.106 	1.006 	1.108 	1.107 
1.106 	1.016 	1.107 	1.110 
1.106 	0.989 	1.114 	1.115 
1.106 	1.023 	1.111 	1.113 
1.106 	1.027 	1.117 	1.110 
1.106 	1.024 	1.111 	1.107 
1.106 	1.030 	1.103 	1.105 
1.364 	1.377 	1.399 	1.372 
1.428 	1.379 	1.440 	1.399 
1.377 	1.381 	1.402 	1.359 
1.340 	1.388 	1.380 	1.338 
1.368 	1.417 	1.413 	1.356 
1.386 	1.370 	1.470 	1.464 
1.477 	1.396 	1.537 	1.491 
1.451 	1.420 	1.492 	1.526 
1.504 	1.411 	1.501 	1.529 
1.503 	1.385 	1.513 	1.481 
1.366 	1.328 	1.385 	1.354 
1.369 	1.343 	1.359 	1.369 
1.359 	1.331 	1.355 	1.351 
1.358 	1.321 	1.366 	1.349 
1.364 	1.386 	1.385 	1.363 
1.384 	1.323 	1.435 	1.432 
1.418 	1.347 	1.456 	1.446 
1.419 	1.348 	1.444 	1.469 
1.444 	1.363 	1.447 	1.465 
1.452 	1.354 	1.458 	1.439 
1.345 	1.303 	1.360 	1.350 
1.349 	1.326 	1.361 	1.359 
1.362 	1.319 	1.366 	1.337 
1.361 	1.294 	1.367 	1.346 
1.383 	1.345 	1.373 	1.373 
1.392 	1.299 	1.443 	1.438 
1.414 	1.316 	1.435 	1.428 
1.418 	1.333 	1.444 	1.457 
1.428 	1.341 	1.443 	1.452 
1.434 	1.327 	1.449 	1.431 
1.349 	1.293 	1.366 	1.350 
1.346 	1.306 	1.346 	1.342 
1.367 	1.311 	1.360 	1.335 
1.373 	1.277 	1.358 	1.340 
1.388 	1.314 	1.381 	1.384 
1.419 	1.287 	1.458 	1.464 
1.440 	1.301 	1.453 	1.444 
1.436 	1.319 	1.452 	1.478 
1.444 	1.320 	1.459 	1.453 
1.442 	1.316 	1.458 	1.447 
1.333 	1.279 	1.345 	1.340 
1.336 	1.298 	1.334 	1.343 
1.367 	1.310 	1.354 	1.334 
1.385 	1.269 	1.361 	1.337 
1.390 	1.311 	1.389 	1.381 
1.426 	1.274 	1.477 	1.475 
1.455 	1.289 	1.467 	1.465 
1.452 	1.313 	1.471 	1.491 
1.464 	1.308 	1.473 	1.464 
1.463 	1.307 	1.470 	1.464 
1.302 	1.276 	1.313 	1.309 
1.346 	1.293 	1.357 	1.352 
1.374 	1.307 	1.357 	1.337 
1.399 	1.260 	1.374 	1.351 
1.406 	1.305 	1.405 	1.396 
1.418 	1.271 	1.460 	1.460 
1.463 	1.277 	1.473 	1.472 
1.447 	1.300 	1.466 	1.485 
1.463 	1.295 	1.478 	1.461 
1.470 	1.297 	1.463 	1.469 
1.284 	1.272 	1.287 	1.283 
1.343 	1.286 	1.359 	1.345 
1.372 	1.294 	1.361 	1.337 
1.379 	1.259 	1.378 	1.348 
1.408 	1.300 	1.402 	1.393 
1.418 	1.270 	1.439 	1.438 
1.453 	1.273 	1.456 	1.453 
1.433 	1.289 	1.447 	1.460 
1.442 	1.291 	1.448 	1.450 
1.455 	1.289 	1.445 	1.452 
1.278 	1.265 	1.272 	1.279 
1.331 	1.282 	1.352 	1.325 
1.368 	1.289 	1.368 	1.341 
1.370 	1.253 	1.371 	1.345 
1.402 	1.286 	1.395 	1.399 
1.421 	1.267 	1.434 	1.430 
1.446 	1.273 	1.445 	1.444 
1.426 	1.281 	1.439 	1.452 
1.425 	1.287 	1.434 	1.433 
1.443 	1.285 	1.437 	1.440 
1.272 	1.254 	1.254 	1.264 
1.304 	1.276 	1.314 	1.301 
1.363 	1.280 	1.359 	1.340 
1.354 	1.249 	1.359 	1.335 
1.392 	1.281 	1.392 	1.389 
1.414 	1.262 	1.420 	1.418 
1.438 	1.268 	1.439 	1.436 
1.420 	1.275 	1.427 	1.442 
1.420 	1.286 	1.429 	1.425 
1.436 	1.280 	1.429 	1.433 
1.251 	1.243 	1.234 	1.248 
1.280 	1.271 	1.285 	1.282 
1.354 	1.268 	1.348 	1.334 
1.344 	1.245 	1.345 	1.326 
1.388 	1.276 	1.382 	1.383 
1.407 	1.256 	1.413 	1.410 
1.433 	1.266 	1.434 	1.428 
1.409 	1.269 	1.425 	1.437 
1.415 	1.282 	1.426 	1.418 
1.429 	1.273 	1.421 	1.429 
1.385 	1.255 	1.423 	1.380 
1.385 	1.231 	1.381 	1.387 
1.385 	1.236 	1.374 	1.408 
1.385 	1.200 	1.414 	1.416 
1.385 	1.217 	1.381 	1.435 
1.385 	1.213 	1.400 	1.418 
1.385 	1.195 	1.372 	1.413 
1.385 	1.184 	1.385 	1.375 
1.385 	1.177 	1.416 	1.388 
1.385 	1.226 	1.384 	1.397 
1.362 	1.244 	1.367 	1.370 
1.362 	1.224 	1.350 	1.354 
1.362 	1.206 	1.331 	1.379 
1.362 	1.200 	1.365 	1.366 
1.362 	1.218 	1.356 	1.384 
1.362 	1.210 	1.370 	1.376 
1.362 	1.201 	1.360 	1.389 
1.362 	1.205 	1.353 	1.345 
1.362 	1.180 	1.396 	1.359 
1.362 	1.211 	1.369 	1.349 
1.328 	1.223 	1.326 	1.327 
1.328 	1.204 	1.325 	1.331 
1.328 	1.202 	1.299 	1.350 
1.328 	1.191 	1.338 	1.344 
1.328 	1.214 	1.327 	1.348 
1.328 	1.210 	1.336 	1.344 
1.328 	1.190 	1.317 	1.355 
1.328 	1.199 	1.332 	1.325 
1.328 	1.192 	1.349 	1.333 
1.328 	1.214 	1.345 	1.316 
1.318 	1.209 	1.324 	1.318 
1.318 	1.195 	1.310 	1.316 
1.318 	1.193 	1.301 	1.338 
1.318 	1.193 	1.325 	1.314 
1.318 	1.199 	1.320 	1.332 
1.318 	1.213 	1.316 	1.333 
1.318 	1.190 	1.310 	1.337 
1.318 	1.199 	1.329 	1.312 
1.318 	1.196 	1.333 	1.316 
1.318 	1.209 	1.324 	1.303 
1.314 	1.205 	1.317 	1.319 
1.314 	1.194 	1.304 	1.313 
1.314 	1.191 	1.295 	1.335 
1.314 	1.190 	1.318 	1.318 
1.314 	1.193 	1.317 	1.329 
1.314 	1.203 	1.317 	1.326 
1.314 	1.183 	1.304 	1.330 
1.314 	1.201 	1.323 	1.310 
1.314 	1.196 	1.329 	1.313 
1.314 	1.208 	1.318 	1.303 
1.303 	1.200 	1.308 	1.308 
1.303 	1.187 	1.297 	1.306 
1.303 	1.187 	1.296 	1.328 
1.303 	1.187 	1.310 	1.312 
1.303 	1.189 	1.305 	1.320 
1.303 	1.208 	1.309 	1.314 
1.303 	1.186 	1.300 	1.326 
1.303 	1.201 	1.319 	1.311 
1.303 	1.192 	1.320 	1.306 
1.303 	1.213 	1.313 	1.296 
1.294 	1.198 	1.305 	1.298 
1.294 	1.187 	1.292 	1.298 
1.294 	1.183 	1.291 	1.317 
1.294 	1.184 	1.301 	1.307 
1.294 	1.186 	1.298 	1.309 
1.294 	1.204 	1.300 	1.303 
1.294 	1.184 	1.291 	1.317 
1.294 	1.200 	1.306 	1.297 
1.294 	1.187 	1.307 	1.301 
1.294 	1.210 	1.302 	1.289 
1.289 	1.196 	1.297 	1.287 
1.289 	1.187 	1.285 	1.291 
1.289 	1.179 	1.283 	1.309 
1.289 	1.180 	1.293 	1.302 
1.289 	1.185 	1.289 	1.302 
1.289 	1.200 	1.292 	1.296 
1.289 	1.176 	1.284 	1.306 
1.289 	1.197 	1.301 	1.290 
1.289 	1.186 	1.299 	1.295 
1.289 	1.207 	1.294 	1.283 
1.284 	1.193 	1.289 	1.284 
1.284 	1.177 	1.276 	1.282 
1.284 	1.175 	1.278 	1.303 
1.284 	1.175 	1.287 	1.297 
1.284 	1.179 	1.281 	1.293 
1.284 	1.199 	1.289 	1.290 
1.284 	1.173 	1.272 	1.300 
1.284 	1.194 	1.289 	1.284 
1.284 	1.184 	1.291 	1.290 
1.284 	1.204 	1.287 	1.280 
1.280 	1.189 	1.285 	1.285 
1.280 	1.177 	1.275 	1.279 
1.280 	1.175 	1.271 	1.299 
1.280 	1.176 	1.285 	1.292 
1.280 	1.179 	1.276 	1.290 
1.280 	1.198 	1.283 	1.287 
1.280 	1.170 	1.269 	1.301 
1.280 	1.193 	1.283 	1.279 
1.280 	1.183 	1.285 	1.286 
1.280 	1.202 	1.281 	1.277 
1.309 	1.284 	1.314 	1.311 
1.362 	1.294 	1.341 	1.336 
1.561 	1.311 	1.488 	1.498 
1.460 	1.319 	1.416 	1.398 
1.450 	1.317 	1.433 	1.453 
1.467 	1.387 	1.479 	1.495 
1.497 	1.323 	1.434 	1.470 
1.559 	1.371 	1.536 	1.510 
1.523 	1.307 	1.520 	1.554 
1.586 	1.370 	1.550 	1.617 
1.258 	1.259 	1.280 	1.290 
1.231 	1.248 	1.249 	1.234 
1.402 	1.246 	1.363 	1.380 
1.382 	1.280 	1.340 	1.306 
1.383 	1.276 	1.355 	1.347 
1.361 	1.275 	1.361 	1.366 
1.399 	1.257 	1.340 	1.393 
1.467 	1.294 	1.464 	1.440 
1.440 	1.240 	1.437 	1.454 
1.473 	1.303 	1.465 	1.488 
1.237 	1.243 	1.235 	1.253 
1.223 	1.222 	1.219 	1.233 
1.371 	1.227 	1.308 	1.325 
1.312 	1.263 	1.317 	1.271 
1.317 	1.256 	1.298 	1.303 
1.298 	1.253 	1.311 	1.300 
1.339 	1.234 	1.301 	1.343 
1.407 	1.271 	1.375 	1.369 
1.376 	1.233 	1.353 	1.383 
1.421 	1.275 	1.391 	1.443 
1.208 	1.229 	1.185 	1.207 
1.203 	1.226 	1.176 	1.201 
1.331 	1.213 	1.300 	1.314 
1.288 	1.239 	1.303 	1.251 
1.291 	1.247 	1.286 	1.294 
1.283 	1.237 	1.283 	1.284 
1.302 	1.214 	1.277 	1.305 
1.361 	1.254 	1.329 	1.313 
1.326 	1.232 	1.310 	1.322 
1.368 	1.256 	1.343 	1.403 
1.139 	1.229 	1.132 	1.143 
1.173 	1.208 	1.155 	1.172 
1.316 	1.207 	1.271 	1.296 
1.278 	1.227 	1.282 	1.237 
1.291 	1.238 	1.286 	1.289 
1.267 	1.230 	1.272 	1.284 
1.295 	1.208 	1.268 	1.295 
1.331 	1.245 	1.306 	1.289 
1.297 	1.222 	1.289 	1.303 
1.346 	1.255 	1.327 	1.380 
1.096 	1.218 	1.099 	1.101 
1.148 	1.191 	1.148 	1.160 
1.284 	1.200 	1.249 	1.272 
1.269 	1.216 	1.279 	1.223 
1.277 	1.228 	1.265 	1.279 
1.261 	1.224 	1.261 	1.291 
1.283 	1.210 	1.260 	1.270 
1.324 	1.231 	1.300 	1.263 
1.279 	1.220 	1.275 	1.288 
1.332 	1.257 	1.314 	1.357 
1.084 	1.213 	1.097 	1.093 
1.132 	1.185 	1.127 	1.146 
1.272 	1.198 	1.228 	1.261 
1.266 	1.207 	1.257 	1.221 
1.276 	1.215 	1.258 	1.266 
1.246 	1.223 	1.251 	1.271 
1.267 	1.203 	1.253 	1.269 
1.304 	1.227 	1.281 	1.251 
1.265 	1.218 	1.267 	1.271 
1.322 	1.248 	1.304 	1.344 
1.096 	1.204 	1.105 	1.109 
1.112 	1.172 	1.097 	1.123 
1.251 	1.193 	1.212 	1.240 
1.244 	1.200 	1.240 	1.205 
1.253 	1.209 	1.239 	1.268 
1.233 	1.216 	1.237 	1.261 
1.249 	1.199 	1.241 	1.252 
1.296 	1.222 	1.266 	1.241 
1.251 	1.216 	1.253 	1.262 
1.311 	1.239 	1.292 	1.330 
1.096 	1.198 	1.119 	1.114 
1.090 	1.163 	1.067 	1.094 
1.243 	1.189 	1.195 	1.236 
1.212 	1.194 	1.237 	1.184 
1.235 	1.198 	1.231 	1.248 
1.227 	1.213 	1.232 	1.248 
1.234 	1.198 	1.227 	1.227 
1.276 	1.221 	1.254 	1.234 
1.244 	1.211 	1.240 	1.247 
1.297 	1.232 	1.283 	1.314 
1.096 	1.191 	1.126 	1.103 
1.072 	1.163 	1.055 	1.069 
1.232 	1.181 	1.182 	1.210 
1.192 	1.191 	1.214 	1.175 
1.230 	1.189 	1.216 	1.222 
1.215 	1.207 	1.228 	1.228 
1.223 	1.188 	1.215 	1.209 
1.263 	1.214 	1.237 	1.218 
1.233 	1.207 	1.229 	1.228 
1.289 	1.226 	1.272 	1.305 
1.381 	1.174 	1.392 	1.390 
1.381 	1.190 	1.382 	1.383 
1.381 	1.171 	1.393 	1.390 
1.381 	1.186 	1.396 	1.364 
1.381 	1.183 	1.392 	1.394 
1.381 	1.227 	1.395 	1.387 
1.381 	1.255 	1.397 	1.377 
1.381 	1.247 	1.369 	1.383 
1.381 	1.242 	1.389 	1.370 
1.381 	1.238 	1.388 	1.381 
1.320 	1.148 	1.336 	1.337 
1.320 	1.160 	1.328 	1.334 
1.320 	1.146 	1.333 	1.337 
1.320 	1.152 	1.341 	1.319 
1.320 	1.137 	1.331 	1.336 
1.320 	1.195 	1.331 	1.338 
1.320 	1.196 	1.347 	1.315 
1.320 	1.180 	1.326 	1.334 
1.320 	1.206 	1.349 	1.320 
1.320 	1.176 	1.323 	1.325 
1.307 	1.149 	1.301 	1.318 
1.307 	1.144 	1.302 	1.315 
1.307 	1.141 	1.314 	1.323 
1.307 	1.149 	1.313 	1.300 
1.307 	1.146 	1.314 	1.317 
1.307 	1.191 	1.310 	1.313 
1.307 	1.198 	1.326 	1.294 
1.307 	1.167 	1.301 	1.314 
1.307 	1.205 	1.325 	1.303 
1.307 	1.169 	1.309 	1.314 
1.278 	1.127 	1.278 	1.287 
1.278 	1.126 	1.286 	1.290 
1.278 	1.128 	1.292 	1.294 
1.278 	1.132 	1.282 	1.267 
1.278 	1.121 	1.295 	1.291 
1.278 	1.166 	1.283 	1.281 
1.278 	1.177 	1.304 	1.274 
1.278 	1.153 	1.272 	1.284 
1.278 	1.185 	1.298 	1.284 
1.278 	1.147 	1.290 	1.286 
1.256 	1.110 	1.259 	1.269 
1.256 	1.110 	1.260 	1.263 
1.256 	1.115 	1.277 	1.269 
1.256 	1.117 	1.264 	1.254 
1.256 	1.112 	1.265 	1.265 
1.256 	1.156 	1.264 	1.261 
1.256 	1.157 	1.279 	1.255 
1.256 	1.135 	1.257 	1.270 
1.256 	1.168 	1.276 	1.265 
1.256 	1.132 	1.263 	1.262 
1.245 	1.100 	1.247 	1.254 
1.245 	1.098 	1.246 	1.254 
1.245 	1.103 	1.259 	1.257 
1.245 	1.098 	1.247 	1.236 
1.245 	1.097 	1.253 	1.252 
1.245 	1.145 	1.247 	1.256 
1.245 	1.144 	1.266 	1.247 
1.245 	1.121 	1.241 	1.254 
1.245 	1.150 	1.266 	1.247 
1.245 	1.118 	1.248 	1.249 
1.232 	1.089 	1.231 	1.240 
1.232 	1.090 	1.231 	1.238 
1.232 	1.095 	1.244 	1.239 
1.232 	1.090 	1.235 	1.221 
1.232 	1.086 	1.238 	1.236 
1.232 	1.135 	1.233 	1.239 
1.232 	1.130 	1.253 	1.232 
1.232 	1.114 	1.230 	1.239 
1.232 	1.140 	1.246 	1.237 
1.232 	1.110 	1.235 	1.232 
1.218 	1.083 	1.218 	1.228 
1.218 	1.081 	1.220 	1.225 
1.218 	1.084 	1.227 	1.230 
1.218 	1.082 	1.221 	1.207 
1.218 	1.077 	1.226 	1.225 
1.218 	1.122 	1.220 	1.228 
1.218 	1.125 	1.238 	1.221 
1.218 	1.102 	1.215 	1.225 
1.218 	1.132 	1.236 	1.225 
1.218 	1.106 	1.223 	1.219 
1.205 	1.073 	1.207 	1.216 
1.205 	1.075 	1.207 	1.215 
1.205 	1.081 	1.216 	1.218 
1.205 	1.075 	1.212 	1.198 
1.205 	1.075 	1.215 	1.214 
1.205 	1.114 	1.209 	1.217 
1.205 	1.118 	1.226 	1.208 
1.205 	1.098 	1.203 	1.216 
1.205 	1.125 	1.220 	1.214 
1.205 	1.094 	1.218 	1.212 
1.196 	1.067 	1.197 	1.207 
1.196 	1.068 	1.195 	1.204 
1.196 	1.077 	1.205 	1.207 
1.196 	1.069 	1.202 	1.185 
1.196 	1.069 	1.203 	1.202 
1.196 	1.105 	1.199 	1.204 
1.196 	1.111 	1.214 	1.199 
1.196 	1.093 	1.194 	1.205 
1.196 	1.117 	1.209 	1.203 
1.196 	1.091 	1.209 	1.201 
1.202 	1.162 	1.249 	1.173 
1.314 	1.187 	1.346 	1.330 
1.332 	1.142 	1.364 	1.337 
1.309 	1.159 	1.344 	1.361 
1.324 	1.161 	1.364 	1.367 
1.318 	1.183 	1.333 	1.333 
1.346 	1.208 	1.317 	1.313 
1.313 	1.154 	1.303 	1.313 
1.322 	1.181 	1.403 	1.349 
1.394 	1.172 	1.354 	1.373 
1.168 	1.167 	1.154 	1.156 
1.242 	1.155 	1.228 	1.224 
1.259 	1.158 	1.244 	1.259 
1.268 	1.165 	1.301 	1.279 
1.290 	1.145 	1.282 	1.315 
1.299 	1.146 	1.304 	1.318 
1.316 	1.183 	1.290 	1.295 
1.284 	1.172 	1.301 	1.299 
1.284 	1.171 	1.341 	1.310 
1.334 	1.151 	1.348 	1.332 
1.161 	1.153 	1.134 	1.138 
1.206 	1.153 	1.197 	1.180 
1.207 	1.145 	1.194 	1.227 
1.235 	1.154 	1.251 	1.231 
1.253 	1.140 	1.245 	1.269 
1.272 	1.145 	1.269 	1.272 
1.284 	1.171 	1.259 	1.272 
1.271 	1.155 	1.274 	1.274 
1.274 	1.158 	1.308 	1.288 
1.297 	1.143 	1.311 	1.304 
1.154 	1.141 	1.118 	1.143 
1.198 	1.135 	1.160 	1.181 
1.193 	1.140 	1.167 	1.206 
1.209 	1.148 	1.220 	1.212 
1.233 	1.130 	1.241 	1.241 
1.250 	1.146 	1.241 	1.250 
1.267 	1.151 	1.239 	1.254 
1.254 	1.144 	1.245 	1.249 
1.252 	1.147 	1.285 	1.270 
1.285 	1.133 	1.273 	1.278 
1.159 	1.132 	1.096 	1.141 
1.189 	1.123 	1.151 	1.168 
1.177 	1.132 	1.154 	1.191 
1.204 	1.140 	1.195 	1.201 
1.222 	1.117 	1.223 	1.229 
1.242 	1.146 	1.228 	1.231 
1.252 	1.143 	1.224 	1.237 
1.244 	1.137 	1.240 	1.242 
1.238 	1.137 	1.266 	1.246 
1.272 	1.125 	1.260 	1.264 
1.150 	1.126 	1.072 	1.139 
1.183 	1.113 	1.137 	1.167 
1.166 	1.123 	1.137 	1.179 
1.195 	1.133 	1.177 	1.188 
1.215 	1.113 	1.206 	1.217 
1.234 	1.140 	1.216 	1.219 
1.243 	1.134 	1.213 	1.231 
1.233 	1.132 	1.233 	1.235 
1.227 	1.128 	1.255 	1.233 
1.257 	1.117 	1.245 	1.252 
1.141 	1.114 	1.053 	1.135 
1.180 	1.108 	1.125 	1.164 
1.160 	1.113 	1.119 	1.168 
1.187 	1.130 	1.155 	1.178 
1.197 	1.113 	1.189 	1.203 
1.221 	1.138 	1.202 	1.207 
1.238 	1.128 	1.207 	1.222 
1.225 	1.131 	1.226 	1.227 
1.223 	1.122 	1.247 	1.227 
1.246 	1.113 	1.239 	1.243 
1.129 	1.109 	1.027 	1.124 
1.178 	1.108 	1.114 	1.164 
1.157 	1.114 	1.112 	1.168 
1.170 	1.120 	1.143 	1.170 
1.187 	1.108 	1.169 	1.191 
1.211 	1.135 	1.188 	1.201 
1.232 	1.125 	1.198 	1.212 
1.217 	1.128 	1.216 	1.219 
1.216 	1.117 	1.240 	1.220 
1.237 	1.110 	1.229 	1.233 
1.122 	1.108 	1.000 	1.116 
1.173 	1.103 	1.098 	1.161 
1.151 	1.112 	1.098 	1.157 
1.164 	1.117 	1.135 	1.159 
1.175 	1.106 	1.155 	1.177 
1.198 	1.133 	1.176 	1.194 
1.226 	1.122 	1.192 	1.207 
1.209 	1.122 	1.202 	1.208 
1.212 	1.116 	1.231 	1.214 
1.228 	1.106 	1.220 	1.222 
1.102 	1.108 	0.981 	1.106 
1.159 	1.102 	1.082 	1.151 
1.143 	1.109 	1.084 	1.154 
1.158 	1.113 	1.116 	1.148 
1.167 	1.100 	1.148 	1.169 
1.188 	1.129 	1.164 	1.185 
1.219 	1.120 	1.179 	1.198 
1.203 	1.121 	1.195 	1.200 
1.209 	1.116 	1.222 	1.208 
1.222 	1.102 	1.212 	1.217 
1.452 	1.335 	1.447 	1.468 
1.452 	1.355 	1.429 	1.420 
1.452 	1.336 	1.423 	1.419 
1.452 	1.325 	1.460 	1.453 
1.452 	1.311 	1.449 	1.444 
1.452 	1.287 	1.462 	1.436 
1.452 	1.341 	1.437 	1.447 
1.452 	1.300 	1.456 	1.431 
1.452 	1.339 	1.425 	1.488 
1.452 	1.345 	1.426 	1.474 
1.417 	1.316 	1.428 	1.437 
1.417 	1.309 	1.412 	1.389 
1.417 	1.297 	1.412 	1.399 
1.417 	1.316 	1.421 	1.424 
1.417 	1.285 	1.434 	1.398 
1.417 	1.284 	1.407 	1.417 
1.417 	1.314 	1.417 	1.420 
1.417 	1.299 	1.416 	1.388 
1.417 	1.322 	1.400 	1.429 
1.417 	1.339 	1.426 	1.416 
1.389 	1.299 	1.407 	1.412 
1.389 	1.297 	1.399 	1.378 
1.389 	1.285 	1.403 	1.385 
1.389 	1.293 	1.413 	1.410 
1.389 	1.271 	1.416 	1.381 
1.389 	1.287 	1.392 	1.388 
1.389 	1.310 	1.395 	1.388 
1.389 	1.289 	1.396 	1.381 
1.389 	1.312 	1.386 	1.408 
1.389 	1.331 	1.405 	1.403 
1.361 	1.264 	1.373 	1.388 
1.361 	1.278 	1.367 	1.363 
1.361 	1.259 	1.370 	1.357 
1.361 	1.266 	1.392 	1.383 
1.361 	1.249 	1.385 	1.356 
1.361 	1.258 	1.375 	1.362 
1.361 	1.281 	1.364 	1.361 
1.361 	1.272 	1.368 	1.358 
1.361 	1.295 	1.365 	1.379 
1.361 	1.307 	1.378 	1.377 
1.339 	1.246 	1.351 	1.362 
1.339 	1.258 	1.344 	1.344 
1.339 	1.238 	1.353 	1.333 
1.339 	1.252 	1.361 	1.360 
1.339 	1.228 	1.363 	1.336 
1.339 	1.241 	1.354 	1.340 
1.339 	1.266 	1.346 	1.333 
1.339 	1.256 	1.346 	1.334 
1.339 	1.277 	1.342 	1.357 
1.339 	1.290 	1.356 	1.355 
1.324 	1.239 	1.340 	1.341 
1.324 	1.242 	1.328 	1.328 
1.324 	1.223 	1.335 	1.318 
1.324 	1.243 	1.345 	1.340 
1.324 	1.211 	1.341 	1.321 
1.324 	1.232 	1.339 	1.322 
1.324 	1.252 	1.327 	1.317 
1.324 	1.243 	1.332 	1.319 
1.324 	1.267 	1.329 	1.341 
1.324 	1.273 	1.337 	1.337 
1.312 	1.229 	1.328 	1.328 
1.312 	1.230 	1.319 	1.316 
1.312 	1.214 	1.328 	1.306 
1.312 	1.232 	1.328 	1.326 
1.312 	1.197 	1.327 	1.316 
1.312 	1.226 	1.325 	1.311 
1.312 	1.243 	1.314 	1.300 
1.312 	1.236 	1.319 	1.304 
1.312 	1.257 	1.311 	1.328 
1.312 	1.261 	1.323 	1.326 
1.301 	1.220 	1.317 	1.322 
1.301 	1.222 	1.309 	1.306 
1.301 	1.203 	1.319 	1.295 
1.301 	1.226 	1.316 	1.314 
1.301 	1.190 	1.313 	1.308 
1.301 	1.219 	1.312 	1.296 
1.301 	1.233 	1.305 	1.292 
1.301 	1.229 	1.307 	1.291 
1.301 	1.251 	1.305 	1.315 
1.301 	1.249 	1.311 	1.314 
1.294 	1.212 	1.310 	1.310 
1.294 	1.209 	1.299 	1.295 
1.294 	1.194 	1.304 	1.285 
1.294 	1.221 	1.304 	1.300 
1.294 	1.180 	1.303 	1.297 
1.294 	1.214 	1.305 	1.289 
1.294 	1.222 	1.297 	1.287 
1.294 	1.223 	1.296 	1.281 
1.294 	1.242 	1.294 	1.305 
1.294 	1.240 	1.305 	1.306 
1.284 	1.206 	1.299 	1.301 
1.284 	1.205 	1.287 	1.284 
1.284 	1.189 	1.295 	1.276 
1.284 	1.214 	1.294 	1.291 
1.284 	1.175 	1.295 	1.286 
1.284 	1.209 	1.298 	1.280 
1.284 	1.217 	1.291 	1.279 
1.284 	1.216 	1.292 	1.274 
1.284 	1.236 	1.287 	1.296 
1.284 	1.231 	1.297 	1.298 
1.505 	1.601 	1.500 	1.478 
1.496 	1.628 	1.493 	1.492 
1.521 	1.579 	1.585 	1.590 
1.575 	1.639 	1.547 	1.575 
1.603 	1.614 	1.624 	1.600 
1.610 	1.592 	1.608 	1.611 
1.613 	1.607 	1.574 	1.610 
1.664 	1.620 	1.651 	1.667 
1.674 	1.620 	1.726 	1.683 
1.703 	1.589 	1.704 	1.667 
1.388 	1.537 	1.386 	1.372 
1.447 	1.548 	1.437 	1.427 
1.515 	1.507 	1.510 	1.522 
1.525 	1.570 	1.489 	1.521 
1.520 	1.543 	1.521 	1.515 
1.548 	1.561 	1.536 	1.542 
1.533 	1.557 	1.520 	1.546 
1.586 	1.553 	1.564 	1.556 
1.568 	1.563 	1.568 	1.560 
1.608 	1.546 	1.583 	1.562 
1.289 	1.506 	1.279 	1.298 
1.352 	1.504 	1.364 	1.340 
1.465 	1.483 	1.467 	1.476 
1.481 	1.526 	1.472 	1.490 
1.482 	1.505 	1.461 	1.479 
1.498 	1.527 	1.493 	1.476 
1.476 	1.539 	1.472 	1.490 
1.520 	1.526 	1.529 	1.521 
1.540 	1.528 	1.531 	1.519 
1.542 	1.498 	1.534 	1.514 
1.229 	1.483 	1.222 	1.227 
1.264 	1.471 	1.290 	1.289 
1.405 	1.470 	1.408 	1.422 
1.441 	1.507 	1.426 	1.455 
1.449 	1.472 	1.422 	1.441 
1.472 	1.512 	1.470 	1.448 
1.453 	1.508 	1.445 	1.459 
1.482 	1.488 	1.487 	1.488 
1.517 	1.511 	1.538 	1.505 
1.497 	1.482 	1.498 	1.480 
1.137 	1.465 	1.134 	1.130 
1.222 	1.459 	1.235 	1.213 
1.357 	1.453 	1.357 	1.351 
1.397 	1.474 	1.398 	1.415 
1.404 	1.445 	1.404 	1.399 
1.419 	1.481 	1.425 	1.413 
1.413 	1.489 	1.413 	1.426 
1.460 	1.473 	1.460 	1.461 
1.491 	1.494 	1.508 	1.483 
1.489 	1.468 	1.483 	1.455 
1.038 	1.444 	1.039 	1.029 
1.175 	1.432 	1.195 	1.155 
1.300 	1.433 	1.309 	1.310 
1.334 	1.458 	1.348 	1.358 
1.364 	1.434 	1.369 	1.357 
1.379 	1.466 	1.379 	1.372 
1.378 	1.472 	1.386 	1.395 
1.422 	1.455 	1.431 	1.433 
1.456 	1.472 	1.470 	1.444 
1.456 	1.447 	1.456 	1.433 
0.951 	1.417 	0.946 	0.937 
1.108 	1.420 	1.132 	1.103 
1.255 	1.411 	1.268 	1.265 
1.272 	1.440 	1.291 	1.305 
1.310 	1.420 	1.312 	1.306 
1.345 	1.445 	1.342 	1.332 
1.342 	1.451 	1.358 	1.363 
1.391 	1.435 	1.393 	1.405 
1.421 	1.453 	1.432 	1.409 
1.422 	1.431 	1.424 	1.405 
0.895 	1.400 	0.896 	0.888 
1.048 	1.404 	1.068 	1.033 
1.202 	1.389 	1.216 	1.215 
1.227 	1.425 	1.248 	1.249 
1.258 	1.403 	1.271 	1.260 
1.302 	1.423 	1.304 	1.293 
1.302 	1.438 	1.322 	1.324 
1.353 	1.426 	1.364 	1.361 
1.380 	1.439 	1.406 	1.375 
1.379 	1.417 	1.396 	1.387 
0.875 	1.379 	0.885 	0.872 
0.982 	1.378 	0.999 	0.970 
1.159 	1.372 	1.173 	1.168 
1.180 	1.405 	1.203 	1.198 
1.216 	1.381 	1.229 	1.220 
1.259 	1.411 	1.269 	1.251 
1.261 	1.415 	1.280 	1.284 
1.318 	1.409 	1.332 	1.333 
1.343 	1.414 	1.366 	1.331 
1.346 	1.404 	1.369 	1.356 
0.878 	1.362 	0.891 	0.884 
0.923 	1.360 	0.936 	0.916 
1.106 	1.350 	1.120 	1.116 
1.137 	1.387 	1.158 	1.155 
1.170 	1.365 	1.187 	1.173 
1.225 	1.390 	1.235 	1.213 
1.217 	1.395 	1.244 	1.237 
1.283 	1.392 	1.294 	1.297 
1.306 	1.398 	1.328 	1.298 
1.314 	1.387 	1.337 	1.334 
1.332 	1.231 	1.315 	1.354 
1.332 	1.184 	1.356 	1.304 
1.332 	1.204 	1.345 	1.335 
1.332 	1.220 	1.371 	1.320 
1.332 	1.183 	1.341 	1.344 
1.332 	1.251 	1.318 	1.313 
1.332 	1.179 	1.373 	1.363 
1.332 	1.207 	1.324 	1.366 
1.332 	1.239 	1.358 	1.340 
1.332 	1.208 	1.336 	1.361 
1.266 	1.166 	1.274 	1.279 
1.266 	1.098 	1.281 	1.256 
1.266 	1.124 	1.290 	1.274 
1.266 	1.149 	1.298 	1.276 
1.266 	1.114 	1.277 	1.297 
1.266 	1.154 	1.261 	1.255 
1.266 	1.098 	1.298 	1.287 
1.266 	1.147 	1.284 	1.304 
1.266 	1.167 	1.286 	1.255 
1.266 	1.153 	1.288 	1.282 
1.243 	1.120 	1.244 	1.239 
1.243 	1.076 	1.250 	1.224 
1.243 	1.093 	1.253 	1.245 
1.243 	1.113 	1.253 	1.233 
1.243 	1.085 	1.230 	1.255 
1.243 	1.117 	1.232 	1.225 
1.243 	1.076 	1.251 	1.243 
1.243 	1.115 	1.244 	1.265 
1.243 	1.136 	1.253 	1.229 
1.243 	1.116 	1.243 	1.240 
1.226 	1.100 	1.220 	1.211 
1.226 	1.054 	1.224 	1.207 
1.226 	1.071 	1.222 	1.226 
1.226 	1.087 	1.222 	1.210 
1.226 	1.065 	1.212 	1.218 
1.226 	1.095 	1.218 	1.200 
1.226 	1.053 	1.228 	1.215 
1.226 	1.097 	1.222 	1.238 
1.226 	1.112 	1.227 	1.210 
1.226 	1.105 	1.223 	1.215 
1.204 	1.082 	1.202 	1.192 
1.204 	1.040 	1.212 	1.190 
1.204 	1.050 	1.203 	1.217 
1.204 	1.076 	1.209 	1.189 
1.204 	1.054 	1.190 	1.204 
1.204 	1.082 	1.199 	1.185 
1.204 	1.043 	1.213 	1.192 
1.204 	1.086 	1.209 	1.219 
1.204 	1.096 	1.208 	1.197 
1.204 	1.092 	1.204 	1.202 
1.190 	1.074 	1.190 	1.184 
1.190 	1.030 	1.197 	1.179 
1.190 	1.046 	1.189 	1.206 
1.190 	1.065 	1.197 	1.181 
1.190 	1.049 	1.176 	1.188 
1.190 	1.072 	1.183 	1.174 
1.190 	1.035 	1.200 	1.180 
1.190 	1.077 	1.198 	1.206 
1.190 	1.086 	1.192 	1.184 
1.190 	1.089 	1.198 	1.189 
1.180 	1.063 	1.179 	1.177 
1.180 	1.024 	1.179 	1.168 
1.180 	1.040 	1.182 	1.197 
1.180 	1.056 	1.185 	1.170 
1.180 	1.043 	1.171 	1.176 
1.180 	1.062 	1.175 	1.166 
1.180 	1.027 	1.187 	1.168 
1.180 	1.072 	1.189 	1.198 
1.180 	1.078 	1.180 	1.174 
1.180 	1.083 	1.189 	1.179 
1.173 	1.062 	1.169 	1.167 
1.173 	1.018 	1.170 	1.159 
1.173 	1.032 	1.175 	1.185 
1.173 	1.051 	1.173 	1.161 
1.173 	1.035 	1.158 	1.172 
1.173 	1.055 	1.168 	1.159 
1.173 	1.024 	1.179 	1.162 
1.173 	1.064 	1.177 	1.182 
1.173 	1.070 	1.173 	1.167 
1.173 	1.072 	1.177 	1.172 
1.162 	1.056 	1.159 	1.159 
1.162 	1.017 	1.159 	1.152 
1.162 	1.027 	1.166 	1.176 
1.162 	1.048 	1.168 	1.153 
1.162 	1.031 	1.150 	1.165 
1.162 	1.047 	1.161 	1.152 
1.162 	1.016 	1.172 	1.156 
1.162 	1.057 	1.166 	1.172 
1.162 	1.062 	1.162 	1.161 
1.162 	1.068 	1.172 	1.161 
1.154 	1.055 	1.152 	1.153 
1.154 	1.011 	1.154 	1.146 
1.154 	1.021 	1.156 	1.170 
1.154 	1.040 	1.162 	1.145 
1.154 	1.027 	1.144 	1.156 
1.154 	1.042 	1.154 	1.148 
1.154 	1.013 	1.165 	1.151 
1.154 	1.050 	1.159 	1.164 
1.154 	1.058 	1.159 	1.152 
1.154 	1.060 	1.167 	1.153 
1.173 	0.841 	1.136 	1.158 
1.206 	0.876 	1.143 	1.211 
1.180 	0.861 	1.207 	1.231 
1.312 	0.885 	1.313 	1.331 
1.324 	0.878 	1.322 	1.324 
1.300 	0.831 	1.314 	1.381 
1.395 	0.880 	1.403 	1.357 
1.371 	0.852 	1.331 	1.391 
1.342 	0.840 	1.317 	1.336 
1.309 	0.878 	1.330 	1.326 
1.077 	0.806 	1.080 	1.097 
1.118 	0.848 	1.106 	1.133 
1.079 	0.821 	1.097 	1.145 
1.194 	0.828 	1.171 	1.203 
1.200 	0.841 	1.208 	1.189 
1.219 	0.797 	1.217 	1.229 
1.242 	0.811 	1.271 	1.236 
1.228 	0.826 	1.216 	1.248 
1.227 	0.817 	1.212 	1.230 
1.188 	0.826 	1.225 	1.167 
1.036 	0.789 	1.039 	1.048 
1.070 	0.815 	1.074 	1.095 
1.044 	0.813 	1.093 	1.074 
1.141 	0.810 	1.125 	1.145 
1.142 	0.826 	1.150 	1.139 
1.171 	0.798 	1.162 	1.161 
1.200 	0.792 	1.208 	1.184 
1.166 	0.799 	1.173 	1.182 
1.179 	0.793 	1.174 	1.187 
1.135 	0.804 	1.169 	1.135 
1.008 	0.770 	1.013 	1.014 
1.043 	0.807 	1.045 	1.068 
1.025 	0.793 	1.059 	1.056 
1.109 	0.790 	1.097 	1.096 
1.106 	0.800 	1.111 	1.099 
1.145 	0.773 	1.133 	1.115 
1.162 	0.780 	1.172 	1.153 
1.143 	0.786 	1.140 	1.141 
1.152 	0.789 	1.144 	1.152 
1.114 	0.795 	1.132 	1.097 
0.989 	0.760 	0.997 	1.001 
1.020 	0.793 	1.025 	1.043 
1.007 	0.776 	1.030 	1.032 
1.076 	0.770 	1.069 	1.078 
1.078 	0.784 	1.081 	1.078 
1.111 	0.747 	1.103 	1.094 
1.133 	0.774 	1.137 	1.123 
1.129 	0.776 	1.119 	1.129 
1.138 	0.775 	1.123 	1.133 
1.094 	0.779 	1.110 	1.084 
0.979 	0.752 	0.983 	0.978 
1.013 	0.779 	1.011 	1.022 
0.993 	0.767 	1.015 	1.014 
1.063 	0.762 	1.059 	1.065 
1.060 	0.777 	1.056 	1.057 
1.085 	0.738 	1.083 	1.067 
1.107 	0.761 	1.115 	1.094 
1.104 	0.765 	1.101 	1.107 
1.117 	0.768 	1.112 	1.114 
1.077 	0.771 	1.087 	1.069 
0.957 	0.735 	0.959 	0.961 
0.992 	0.766 	0.994 	1.004 
0.980 	0.752 	1.000 	0.993 
1.046 	0.752 	1.047 	1.047 
1.043 	0.769 	1.046 	1.036 
1.070 	0.730 	1.058 	1.046 
1.087 	0.754 	1.105 	1.079 
1.089 	0.759 	1.081 	1.088 
1.100 	0.763 	1.090 	1.097 
1.061 	0.758 	1.065 	1.056 
0.949 	0.726 	0.950 	0.953 
0.983 	0.758 	0.979 	0.995 
0.967 	0.738 	0.985 	0.973 
1.034 	0.735 	1.034 	1.037 
1.027 	0.755 	1.026 	1.022 
1.055 	0.721 	1.046 	1.031 
1.070 	0.744 	1.081 	1.067 
1.078 	0.750 	1.072 	1.075 
1.086 	0.746 	1.077 	1.081 
1.050 	0.751 	1.052 	1.045 
0.936 	0.719 	0.936 	0.947 
0.965 	0.746 	0.963 	0.980 
0.958 	0.729 	0.973 	0.962 
1.020 	0.724 	1.016 	1.022 
1.014 	0.743 	1.012 	1.009 
1.046 	0.712 	1.033 	1.021 
1.061 	0.736 	1.072 	1.058 
1.065 	0.744 	1.061 	1.064 
1.076 	0.736 	1.064 	1.069 
1.037 	0.739 	1.038 	1.035 
0.921 	0.705 	0.923 	0.934 
0.953 	0.739 	0.951 	0.962 
0.941 	0.718 	0.965 	0.950 
1.007 	0.715 	1.000 	1.006 
1.001 	0.738 	1.001 	0.995 
1.036 	0.704 	1.026 	1.014 
1.049 	0.725 	1.057 	1.045 
1.058 	0.738 	1.048 	1.053 
1.062 	0.729 	1.053 	1.062 
1.026 	0.731 	1.025 	1.023 
